[BASE Multinomial Naive Bayes Classifier]
	--Sentiments--
			Parameters: {'alpha': 1.0, 'class_prior': None, 'fit_prior': True}
			Confusion_Matrix: 
				[917, 601, 1369, 825],
				[306, 4070, 2140, 1200],
				[703, 1998, 5452, 2953],
				[314, 937, 2160, 8419]
			Classification_Report: 
              precision    recall  f1-score   support

   ambiguous       0.41      0.25      0.31      3712
    negative       0.54      0.53      0.53      7716
     neutral       0.49      0.49      0.49     11106
    positive       0.63      0.71      0.67     11830

    accuracy                           0.55     34364
   macro avg       0.52      0.49      0.50     34364
weighted avg       0.54      0.55      0.54     34364

			Accuracy: 0.548771970666977
			Macro_Average_F1: 0.4993569880607588
			Weighted_Average_F1: 0.5408965943178349
	--Emotions--
			Parameters: {'alpha': 1.0, 'class_prior': None, 'fit_prior': True}
			Confusion_Matrix: 
				[934, 14, 4, 7, 39, 1, 0, 5, 0, 3, 3, 2, 0, 2, 0, 40, 0, 20, 52, 0, 922, 15, 0, 4, 0, 0, 0, 11],
				[38, 348, 3, 11, 14, 0, 1, 4, 0, 0, 6, 2, 0, 1, 0, 7, 0, 13, 6, 0, 752, 4, 0, 1, 0, 0, 0, 4],
				[11, 4, 132, 75, 13, 1, 1, 4, 0, 3, 12, 7, 0, 0, 1, 5, 0, 1, 1, 0, 780, 4, 0, 3, 0, 1, 3, 4],
				[19, 19, 47, 122, 34, 5, 6, 8, 0, 5, 29, 7, 0, 0, 1, 12, 0, 3, 4, 0, 1292, 4, 0, 5, 0, 1, 6, 6],
				[111, 22, 4, 18, 206, 8, 8, 9, 2, 4, 44, 4, 1, 1, 0, 16, 0, 6, 11, 0, 1809, 13, 0, 0, 0, 0, 6, 4],
				[17, 0, 2, 4, 10, 41, 1, 2, 0, 4, 6, 0, 0, 0, 0, 22, 0, 2, 4, 0, 566, 20, 0, 0, 0, 0, 3, 0],
				[5, 5, 3, 7, 14, 1, 56, 28, 1, 1, 11, 0, 0, 1, 0, 4, 0, 1, 0, 0, 866, 3, 0, 4, 0, 0, 0, 5],
				[18, 8, 4, 10, 17, 4, 12, 126, 1, 0, 6, 0, 0, 1, 0, 5, 0, 1, 4, 0, 977, 3, 0, 1, 0, 1, 0, 6],
				[9, 4, 3, 2, 11, 1, 0, 1, 22, 2, 1, 0, 0, 2, 0, 3, 0, 1, 4, 0, 384, 12, 0, 0, 0, 0, 0, 0],
				[26, 5, 5, 29, 13, 1, 0, 3, 1, 33, 15, 4, 0, 3, 0, 8, 0, 1, 4, 0, 796, 2, 0, 3, 0, 0, 10, 3],
				[15, 11, 10, 37, 45, 2, 14, 5, 0, 3, 120, 3, 2, 0, 2, 8, 0, 1, 1, 0, 1264, 5, 0, 5, 0, 1, 5, 2],
				[9, 1, 15, 30, 14, 0, 0, 2, 0, 4, 15, 38, 0, 0, 1, 2, 0, 1, 2, 0, 444, 2, 0, 0, 0, 0, 1, 1],
				[5, 2, 4, 13, 7, 1, 2, 0, 0, 1, 3, 2, 2, 0, 0, 1, 0, 0, 0, 0, 236, 3, 1, 4, 0, 1, 1, 2],
				[73, 6, 4, 0, 11, 1, 1, 7, 0, 3, 2, 0, 0, 21, 0, 9, 0, 38, 17, 0, 389, 6, 0, 0, 0, 0, 0, 10],
				[5, 4, 2, 8, 5, 1, 1, 0, 1, 1, 2, 5, 0, 0, 11, 1, 0, 0, 0, 0, 305, 1, 0, 4, 0, 0, 4, 2],
				[68, 8, 0, 1, 12, 5, 1, 1, 0, 0, 2, 0, 0, 0, 0, 975, 0, 16, 2, 0, 340, 15, 0, 0, 0, 1, 2, 0],
				[0, 2, 0, 1, 0, 0, 0, 0, 0, 1, 1, 0, 0, 0, 0, 0, 0, 0, 0, 0, 55, 0, 0, 0, 0, 0, 3, 0],
				[73, 64, 2, 4, 18, 2, 1, 1, 0, 2, 3, 0, 0, 6, 0, 36, 0, 97, 24, 0, 549, 5, 0, 3, 0, 1, 3, 2],
				[71, 4, 0, 1, 5, 0, 0, 2, 0, 0, 4, 0, 0, 1, 0, 5, 0, 8, 356, 0, 530, 0, 0, 0, 0, 1, 0, 0],
				[1, 0, 1, 2, 5, 0, 0, 2, 1, 2, 1, 1, 0, 0, 0, 2, 0, 1, 0, 0, 129, 2, 0, 0, 0, 0, 1, 0],
				[274, 123, 80, 149, 248, 34, 59, 90, 8, 53, 164, 24, 4, 24, 5, 72, 1, 35, 78, 0, 9183, 57, 1, 50, 0, 3, 27, 28],
				[40, 4, 3, 6, 23, 9, 0, 2, 2, 1, 6, 0, 0, 0, 0, 8, 0, 5, 2, 0, 661, 122, 0, 0, 0, 0, 0, 0],
				[27, 2, 1, 2, 1, 0, 0, 2, 0, 2, 3, 0, 0, 0, 0, 3, 0, 2, 0, 0, 103, 3, 0, 0, 0, 0, 0, 0],
				[17, 7, 5, 15, 33, 3, 3, 4, 1, 5, 21, 1, 2, 2, 0, 5, 0, 3, 2, 0, 820, 1, 0, 17, 1, 0, 0, 2],
				[15, 0, 1, 2, 3, 4, 0, 0, 0, 1, 1, 0, 0, 0, 0, 12, 0, 2, 1, 0, 120, 1, 0, 0, 0, 0, 0, 0],
				[0, 0, 1, 5, 3, 3, 1, 0, 0, 5, 2, 0, 0, 0, 0, 20, 0, 0, 2, 0, 218, 1, 0, 1, 0, 18, 18, 0],
				[11, 4, 3, 7, 13, 3, 1, 0, 0, 13, 13, 4, 0, 0, 0, 6, 0, 4, 2, 0, 604, 5, 0, 0, 0, 5, 59, 1],
				[37, 4, 6, 13, 7, 1, 2, 10, 0, 4, 3, 0, 0, 3, 0, 6, 0, 2, 2, 0, 500, 0, 0, 2, 0, 0, 2, 57]
			Classification_Report: 
                precision    recall  f1-score   support

    admiration       0.48      0.45      0.47      2078
     amusement       0.52      0.29      0.37      1215
         anger       0.38      0.12      0.19      1066
     annoyance       0.21      0.07      0.11      1635
      approval       0.25      0.09      0.13      2307
        caring       0.31      0.06      0.10       704
     confusion       0.33      0.06      0.09      1016
     curiosity       0.40      0.10      0.17      1205
        desire       0.55      0.05      0.09       462
disappointment       0.21      0.03      0.06       965
   disapproval       0.24      0.08      0.12      1561
       disgust       0.37      0.07      0.11       582
 embarrassment       0.18      0.01      0.01       291
    excitement       0.31      0.04      0.06       598
          fear       0.52      0.03      0.06       363
     gratitude       0.75      0.67      0.71      1449
         grief       0.00      0.00      0.00        63
           joy       0.37      0.11      0.17       896
          love       0.61      0.36      0.45       988
   nervousness       0.00      0.00      0.00       151
       neutral       0.36      0.84      0.50     10874
      optimism       0.39      0.14      0.20       894
         pride       0.00      0.00      0.00       151
   realization       0.16      0.02      0.03       970
        relief       0.00      0.00      0.00       163
       remorse       0.53      0.06      0.11       298
       sadness       0.38      0.08      0.13       758
      surprise       0.38      0.09      0.14       661

      accuracy                           0.38     34364
     macro avg       0.33      0.14      0.16     34364
  weighted avg       0.37      0.38      0.30     34364

			Accuracy: 0.3810964963333721
			Macro_Average_F1: 0.16346972081514655
			Weighted_Average_F1: 0.3029274868466897

[BASE Decision Tree Classifier]
	--Sentiments--
			Parameters: {'ccp_alpha': 0.0, 'class_weight': None, 'criterion': 'gini', 'max_depth': None, 'max_features': None, 'max_leaf_nodes': None, 'min_impurity_decrease': 0.0, 'min_samples_leaf': 1, 'min_samples_split': 2, 'min_weight_fraction_leaf': 0.0, 'random_state': None, 'splitter': 'best'}
			Confusion_Matrix: 
				[1785, 557, 920, 450],
				[832, 4610, 1569, 705],
				[1614, 2580, 5210, 1702],
				[843, 1307, 2595, 7085]
			Classification_Report: 
              precision    recall  f1-score   support

   ambiguous       0.35      0.48      0.41      3712
    negative       0.51      0.60      0.55      7716
     neutral       0.51      0.47      0.49     11106
    positive       0.71      0.60      0.65     11830

    accuracy                           0.54     34364
   macro avg       0.52      0.54      0.52     34364
weighted avg       0.56      0.54      0.55     34364

			Accuracy: 0.5438831335118147
			Macro_Average_F1: 0.5234678418450749
			Weighted_Average_F1: 0.5487590810307382
	--Emotions--
			Parameters: {'ccp_alpha': 0.0, 'class_weight': None, 'criterion': 'gini', 'max_depth': None, 'max_features': None, 'max_leaf_nodes': None, 'min_impurity_decrease': 0.0, 'min_samples_leaf': 1, 'min_samples_split': 2, 'min_weight_fraction_leaf': 0.0, 'random_state': None, 'splitter': 'best'}
			Confusion_Matrix: 
				[1183, 41, 17, 31, 117, 20, 13, 12, 9, 11, 22, 8, 3, 41, 9, 56, 1, 51, 81, 1, 268, 27, 11, 17, 6, 1, 2, 19],
				[66, 713, 14, 39, 35, 5, 12, 9, 10, 8, 15, 12, 5, 19, 3, 11, 1, 57, 8, 1, 147, 4, 0, 5, 0, 3, 5, 8],
				[18, 20, 411, 161, 37, 19, 14, 13, 3, 30, 63, 41, 5, 2, 8, 0, 2, 3, 1, 2, 190, 2, 1, 6, 1, 1, 7, 5],
				[47, 71, 237, 369, 95, 25, 41, 38, 18, 55, 100, 48, 16, 10, 5, 13, 2, 11, 6, 7, 370, 9, 0, 14, 3, 4, 16, 5],
				[241, 68, 35, 140, 597, 70, 51, 32, 38, 37, 77, 16, 8, 29, 11, 22, 0, 36, 43, 7, 648, 44, 2, 22, 9, 6, 8, 10],
				[35, 11, 12, 33, 86, 201, 12, 7, 10, 13, 19, 2, 1, 6, 9, 11, 4, 18, 14, 5, 151, 24, 0, 0, 2, 9, 8, 1],
				[24, 25, 29, 64, 70, 14, 268, 112, 5, 17, 33, 5, 4, 10, 4, 3, 0, 3, 5, 7, 281, 5, 0, 14, 0, 0, 0, 14],
				[34, 15, 28, 51, 55, 13, 197, 414, 10, 9, 17, 4, 6, 14, 4, 3, 1, 5, 8, 1, 276, 8, 0, 4, 0, 3, 3, 22],
				[23, 10, 5, 24, 48, 14, 7, 13, 114, 7, 10, 2, 0, 14, 2, 4, 0, 5, 12, 1, 113, 25, 0, 3, 0, 0, 3, 3],
				[38, 23, 49, 123, 59, 17, 20, 15, 7, 168, 70, 30, 11, 8, 8, 3, 2, 11, 8, 4, 210, 7, 0, 13, 4, 8, 39, 10],
				[34, 35, 81, 196, 137, 28, 58, 18, 13, 72, 376, 29, 13, 5, 8, 9, 0, 7, 4, 6, 370, 10, 0, 21, 0, 3, 18, 10],
				[13, 13, 75, 85, 33, 6, 12, 7, 1, 31, 39, 108, 9, 2, 11, 1, 0, 4, 3, 1, 116, 1, 0, 6, 0, 0, 4, 1],
				[6, 7, 14, 39, 13, 7, 11, 9, 4, 12, 16, 11, 43, 0, 5, 2, 1, 1, 1, 2, 65, 5, 0, 4, 0, 3, 3, 7],
				[88, 27, 4, 17, 42, 9, 7, 21, 14, 10, 6, 0, 1, 131, 1, 9, 0, 38, 19, 1, 119, 8, 1, 3, 0, 1, 3, 18],
				[5, 10, 12, 34, 19, 5, 7, 6, 3, 16, 8, 14, 6, 1, 128, 1, 1, 3, 1, 9, 60, 3, 0, 7, 0, 0, 4, 0],
				[119, 13, 3, 8, 25, 21, 4, 8, 8, 10, 5, 3, 0, 11, 0, 1084, 0, 27, 15, 0, 39, 21, 1, 2, 2, 10, 5, 5],
				[1, 3, 4, 3, 1, 1, 2, 2, 2, 3, 0, 3, 1, 0, 1, 0, 12, 0, 0, 0, 11, 0, 0, 1, 0, 3, 8, 1],
				[114, 120, 7, 23, 50, 18, 7, 14, 12, 14, 8, 1, 0, 43, 3, 33, 2, 212, 53, 1, 114, 10, 5, 5, 14, 1, 2, 10],
				[125, 16, 6, 21, 58, 13, 7, 9, 13, 6, 5, 4, 2, 19, 1, 6, 1, 43, 525, 0, 89, 8, 0, 6, 0, 2, 2, 1],
				[4, 4, 5, 10, 15, 10, 1, 1, 2, 12, 2, 3, 4, 1, 6, 2, 0, 1, 0, 19, 38, 0, 0, 2, 0, 0, 6, 3],
				[505, 351, 422, 704, 1053, 266, 409, 387, 141, 276, 531, 118, 54, 143, 62, 66, 22, 146, 137, 30, 4600, 116, 10, 126, 15, 21, 85, 78],
				[74, 24, 16, 42, 89, 47, 13, 13, 48, 17, 17, 6, 4, 9, 5, 18, 0, 25, 15, 1, 213, 185, 1, 6, 0, 1, 1, 4],
				[24, 7, 6, 3, 16, 0, 3, 2, 0, 5, 8, 0, 0, 4, 0, 0, 0, 9, 0, 0, 43, 8, 9, 0, 4, 0, 0, 0],
				[36, 35, 27, 64, 117, 22, 28, 16, 11, 34, 57, 6, 9, 10, 5, 10, 3, 14, 11, 5, 337, 10, 1, 67, 4, 8, 10, 13],
				[14, 1, 7, 3, 23, 12, 1, 2, 1, 7, 2, 0, 0, 0, 2, 13, 0, 12, 2, 0, 33, 4, 0, 2, 21, 1, 0, 0],
				[6, 2, 8, 22, 10, 19, 9, 2, 1, 16, 16, 5, 6, 0, 1, 12, 4, 0, 2, 2, 42, 5, 0, 3, 0, 86, 19, 0],
				[24, 11, 25, 56, 45, 15, 12, 9, 9, 75, 45, 14, 14, 4, 9, 2, 7, 5, 6, 11, 168, 1, 0, 11, 1, 39, 136, 4],
				[52, 22, 29, 40, 38, 5, 30, 35, 1, 22, 23, 2, 5, 27, 4, 4, 1, 11, 3, 2, 136, 5, 1, 9, 1, 0, 6, 147]
			Classification_Report: 
                precision    recall  f1-score   support

    admiration       0.40      0.57      0.47      2078
     amusement       0.42      0.59      0.49      1215
         anger       0.26      0.39      0.31      1066
     annoyance       0.15      0.23      0.18      1635
      approval       0.20      0.26      0.23      2307
        caring       0.22      0.29      0.25       704
     confusion       0.21      0.26      0.24      1016
     curiosity       0.34      0.34      0.34      1205
        desire       0.22      0.25      0.24       462
disappointment       0.17      0.17      0.17       965
   disapproval       0.24      0.24      0.24      1561
       disgust       0.22      0.19      0.20       582
 embarrassment       0.19      0.15      0.17       291
    excitement       0.23      0.22      0.23       598
          fear       0.41      0.35      0.38       363
     gratitude       0.78      0.75      0.76      1449
         grief       0.18      0.19      0.18        63
           joy       0.28      0.24      0.26       896
          love       0.53      0.53      0.53       988
   nervousness       0.15      0.13      0.14       151
       neutral       0.50      0.42      0.46     10874
      optimism       0.33      0.21      0.26       894
         pride       0.21      0.06      0.09       151
   realization       0.18      0.07      0.10       970
        relief       0.24      0.13      0.17       163
       remorse       0.40      0.29      0.34       298
       sadness       0.34      0.18      0.23       758
      surprise       0.37      0.22      0.28       661

      accuracy                           0.36     34364
     macro avg       0.30      0.28      0.28     34364
  weighted avg       0.37      0.36      0.36     34364

			Accuracy: 0.3587184262600396
			Macro_Average_F1: 0.28255636353873653
			Weighted_Average_F1: 0.35857895735474843

[BASE Multi-Layered Perceptron Classifier]
	--Sentiments--
			Parameters: {'activation': 'relu', 'alpha': 0.0001, 'batch_size': 'auto', 'beta_1': 0.9, 'beta_2': 0.999, 'early_stopping': False, 'epsilon': 1e-08, 'hidden_layer_sizes': (100,), 'learning_rate': 'constant', 'learning_rate_init': 0.001, 'max_fun': 15000, 'max_iter': 1, 'momentum': 0.9, 'n_iter_no_change': 10, 'nesterovs_momentum': True, 'power_t': 0.5, 'random_state': None, 'shuffle': True, 'solver': 'adam', 'tol': 0.0001, 'validation_fraction': 0.1, 'verbose': False, 'warm_start': False}
			Confusion_Matrix: 
				[923, 631, 1479, 679],
				[250, 4370, 2180, 916],
				[597, 2071, 6104, 2334],
				[256, 1043, 2201, 8330]
			Classification_Report: 
              precision    recall  f1-score   support

   ambiguous       0.46      0.25      0.32      3712
    negative       0.54      0.57      0.55      7716
     neutral       0.51      0.55      0.53     11106
    positive       0.68      0.70      0.69     11830

    accuracy                           0.57     34364
   macro avg       0.55      0.52      0.52     34364
weighted avg       0.57      0.57      0.57     34364

			Accuracy: 0.5740600628564777
			Macro_Average_F1: 0.5236425758893161
			Weighted_Average_F1: 0.5678239427038249
	--Emotions--
			Parameters: {'activation': 'relu', 'alpha': 0.0001, 'batch_size': 'auto', 'beta_1': 0.9, 'beta_2': 0.999, 'early_stopping': False, 'epsilon': 1e-08, 'hidden_layer_sizes': (100,), 'learning_rate': 'constant', 'learning_rate_init': 0.001, 'max_fun': 15000, 'max_iter': 1, 'momentum': 0.9, 'n_iter_no_change': 10, 'nesterovs_momentum': True, 'power_t': 0.5, 'random_state': None, 'shuffle': True, 'solver': 'adam', 'tol': 0.0001, 'validation_fraction': 0.1, 'verbose': False, 'warm_start': False}
			Confusion_Matrix: 
				[1002, 26, 7, 3, 5, 6, 0, 8, 4, 1, 4, 4, 0, 3, 0, 39, 0, 42, 98, 0, 780, 16, 0, 2, 0, 1, 2, 25],
				[35, 717, 5, 5, 1, 1, 0, 9, 3, 0, 3, 4, 2, 2, 2, 10, 0, 24, 17, 0, 351, 5, 0, 3, 0, 2, 2, 12],
				[13, 7, 271, 54, 3, 3, 2, 5, 1, 0, 4, 15, 0, 0, 1, 3, 0, 3, 2, 0, 658, 6, 0, 0, 0, 3, 5, 7],
				[18, 39, 83, 98, 12, 5, 11, 12, 5, 2, 18, 22, 1, 0, 7, 18, 0, 5, 10, 0, 1236, 6, 0, 2, 0, 7, 5, 13],
				[116, 46, 9, 14, 111, 10, 0, 10, 8, 0, 15, 6, 0, 3, 4, 13, 0, 24, 36, 0, 1832, 19, 0, 0, 0, 8, 9, 14],
				[22, 9, 5, 9, 1, 46, 1, 2, 5, 1, 2, 0, 0, 1, 3, 15, 0, 13, 10, 0, 506, 34, 0, 0, 0, 11, 7, 1],
				[5, 19, 12, 2, 4, 2, 75, 41, 1, 0, 13, 2, 0, 2, 0, 4, 0, 5, 7, 0, 805, 2, 0, 2, 0, 3, 2, 8],
				[16, 16, 5, 4, 2, 2, 12, 155, 1, 0, 1, 3, 1, 2, 3, 4, 0, 1, 9, 0, 929, 4, 0, 0, 0, 5, 3, 27],
				[9, 7, 1, 0, 2, 2, 0, 0, 99, 0, 1, 0, 0, 0, 1, 6, 0, 3, 20, 0, 283, 21, 0, 1, 0, 1, 1, 4],
				[20, 8, 12, 18, 4, 2, 2, 2, 8, 13, 11, 10, 0, 3, 3, 8, 0, 4, 10, 0, 765, 8, 0, 0, 0, 9, 37, 8],
				[15, 22, 29, 23, 11, 4, 9, 5, 5, 0, 59, 6, 0, 1, 9, 9, 0, 4, 7, 0, 1307, 6, 0, 1, 0, 9, 13, 7],
				[4, 4, 35, 16, 3, 1, 1, 1, 0, 1, 5, 98, 0, 0, 6, 2, 0, 0, 3, 0, 383, 3, 0, 1, 0, 0, 8, 7],
				[4, 4, 7, 13, 2, 1, 2, 1, 1, 1, 1, 4, 9, 0, 1, 1, 0, 0, 3, 0, 220, 4, 0, 0, 0, 4, 3, 5],
				[67, 16, 4, 1, 4, 3, 0, 12, 2, 0, 0, 0, 0, 37, 0, 8, 0, 48, 21, 0, 325, 5, 0, 0, 0, 1, 3, 41],
				[1, 5, 5, 1, 0, 1, 0, 2, 0, 1, 0, 5, 1, 0, 90, 1, 0, 0, 3, 1, 236, 4, 0, 1, 0, 2, 2, 1],
				[73, 7, 0, 0, 2, 5, 1, 0, 1, 0, 1, 0, 0, 0, 0, 1123, 0, 39, 12, 0, 144, 19, 0, 0, 0, 19, 2, 1],
				[1, 2, 0, 0, 0, 0, 0, 0, 0, 1, 0, 0, 0, 0, 0, 0, 0, 1, 1, 0, 46, 1, 0, 0, 0, 5, 5, 0],
				[60, 118, 1, 2, 4, 2, 2, 4, 5, 0, 2, 0, 0, 4, 1, 27, 0, 228, 58, 0, 360, 9, 0, 0, 0, 1, 1, 7],
				[48, 8, 2, 2, 0, 0, 0, 3, 1, 0, 0, 0, 0, 0, 0, 4, 0, 8, 654, 0, 249, 4, 0, 0, 0, 2, 3, 0],
				[1, 1, 5, 5, 1, 4, 1, 0, 1, 2, 0, 1, 0, 0, 1, 2, 0, 0, 2, 0, 116, 3, 0, 0, 0, 0, 3, 2],
				[221, 234, 118, 77, 53, 45, 34, 124, 39, 5, 63, 31, 1, 11, 24, 56, 0, 70, 124, 0, 9296, 80, 0, 7, 0, 34, 57, 70],
				[39, 11, 5, 2, 8, 11, 0, 3, 21, 1, 3, 0, 0, 1, 0, 12, 0, 9, 9, 0, 502, 250, 0, 0, 0, 1, 1, 5],
				[25, 2, 1, 0, 0, 0, 0, 2, 0, 0, 0, 0, 0, 0, 0, 0, 0, 12, 0, 0, 106, 2, 0, 0, 0, 0, 1, 0],
				[15, 18, 4, 9, 7, 1, 2, 1, 1, 0, 10, 3, 1, 0, 3, 6, 0, 4, 11, 1, 810, 4, 0, 13, 0, 7, 10, 29],
				[9, 1, 2, 0, 0, 5, 0, 0, 0, 0, 0, 0, 0, 0, 0, 15, 0, 12, 2, 0, 111, 4, 0, 0, 0, 0, 2, 0],
				[2, 1, 2, 3, 2, 0, 0, 0, 0, 1, 0, 0, 1, 0, 0, 1, 0, 1, 2, 0, 117, 2, 0, 0, 0, 150, 12, 1],
				[11, 11, 4, 6, 4, 2, 0, 1, 7, 7, 7, 8, 1, 1, 3, 1, 0, 4, 6, 0, 438, 8, 0, 3, 0, 58, 165, 2],
				[27, 7, 15, 8, 3, 0, 1, 15, 0, 0, 1, 0, 0, 0, 1, 3, 0, 5, 4, 0, 379, 1, 0, 0, 0, 0, 4, 187]
			Classification_Report: 
                precision    recall  f1-score   support

    admiration       0.53      0.48      0.51      2078
     amusement       0.52      0.59      0.56      1215
         anger       0.42      0.25      0.32      1066
     annoyance       0.26      0.06      0.10      1635
      approval       0.45      0.05      0.09      2307
        caring       0.28      0.07      0.11       704
     confusion       0.48      0.07      0.13      1016
     curiosity       0.37      0.13      0.19      1205
        desire       0.45      0.21      0.29       462
disappointment       0.35      0.01      0.03       965
   disapproval       0.26      0.04      0.07      1561
       disgust       0.44      0.17      0.24       582
 embarrassment       0.50      0.03      0.06       291
    excitement       0.52      0.06      0.11       598
          fear       0.55      0.25      0.34       363
     gratitude       0.81      0.78      0.79      1449
         grief       0.00      0.00      0.00        63
           joy       0.40      0.25      0.31       896
          love       0.57      0.66      0.61       988
   nervousness       0.00      0.00      0.00       151
       neutral       0.40      0.85      0.54     10874
      optimism       0.47      0.28      0.35       894
         pride       0.00      0.00      0.00       151
   realization       0.36      0.01      0.03       970
        relief       0.00      0.00      0.00       163
       remorse       0.44      0.50      0.47       298
       sadness       0.45      0.22      0.29       758
      surprise       0.39      0.28      0.33       661

      accuracy                           0.43     34364
     macro avg       0.38      0.23      0.24     34364
  weighted avg       0.42      0.43      0.36     34364

			Accuracy: 0.4349319054824817
			Macro_Average_F1: 0.2446592273247112
			Weighted_Average_F1: 0.3589993554834451

[TOP Multinomial Naive Bayes Classifier]
	--Sentiments--
			Parameters: {'cv': None, 'error_score': nan, 'estimator__alpha': 1.0, 'estimator__class_prior': None, 'estimator__fit_prior': True, 'estimator': MultinomialNB(), 'n_jobs': None, 'param_grid': {'alpha': [0.5, 0.1, 0.001, 0]}, 'pre_dispatch': '2*n_jobs', 'refit': True, 'return_train_score': False, 'scoring': None, 'verbose': 0}
			Confusion_Matrix: 
				[1125, 616, 1214, 757],
				[421, 4146, 1999, 1150],
				[936, 2074, 5229, 2867],
				[452, 998, 2092, 8288]
			Classification_Report: 
              precision    recall  f1-score   support

   ambiguous       0.38      0.30      0.34      3712
    negative       0.53      0.54      0.53      7716
     neutral       0.50      0.47      0.48     11106
    positive       0.63      0.70      0.67     11830

    accuracy                           0.55     34364
   macro avg       0.51      0.50      0.51     34364
weighted avg       0.54      0.55      0.54     34364

			Accuracy: 0.5467349551856594
			Macro_Average_F1: 0.505246392832233
			Weighted_Average_F1: 0.5417368506682818
	--Emotions--
			Parameters: {'cv': None, 'error_score': nan, 'estimator__alpha': 1.0, 'estimator__class_prior': None, 'estimator__fit_prior': True, 'estimator': MultinomialNB(), 'n_jobs': None, 'param_grid': {'alpha': [0.5, 0.1, 0.001, 0]}, 'pre_dispatch': '2*n_jobs', 'refit': True, 'return_train_score': False, 'scoring': None, 'verbose': 0}
			Confusion_Matrix: 
				[1050, 21, 6, 12, 60, 13, 4, 13, 2, 8, 12, 3, 0, 5, 1, 58, 0, 37, 76, 0, 644, 22, 0, 8, 0, 0, 2, 21],
				[45, 555, 3, 27, 21, 2, 5, 8, 0, 2, 7, 5, 1, 4, 0, 8, 0, 30, 10, 0, 457, 7, 0, 5, 0, 0, 4, 9],
				[17, 9, 217, 116, 18, 7, 4, 13, 0, 13, 39, 12, 2, 3, 1, 6, 0, 1, 2, 0, 558, 5, 0, 7, 1, 2, 7, 6],
				[25, 37, 85, 188, 56, 11, 18, 18, 4, 21, 56, 23, 2, 2, 5, 16, 0, 4, 7, 0, 1007, 6, 0, 15, 0, 1, 19, 9],
				[141, 43, 10, 30, 292, 28, 21, 17, 8, 11, 65, 7, 2, 5, 1, 26, 0, 19, 21, 0, 1498, 25, 0, 13, 0, 2, 12, 10],
				[22, 3, 4, 6, 21, 112, 3, 2, 2, 6, 9, 2, 0, 1, 1, 31, 0, 6, 5, 0, 426, 31, 0, 1, 0, 1, 9, 0],
				[10, 13, 8, 15, 30, 3, 119, 50, 1, 4, 25, 1, 0, 1, 0, 5, 0, 1, 2, 0, 697, 6, 0, 12, 0, 1, 1, 11],
				[26, 13, 7, 18, 24, 11, 37, 220, 3, 3, 11, 0, 0, 7, 2, 9, 0, 0, 10, 0, 778, 7, 0, 6, 0, 1, 2, 10],
				[10, 4, 4, 3, 18, 6, 2, 1, 47, 2, 2, 1, 0, 2, 0, 5, 0, 3, 11, 0, 313, 21, 0, 1, 0, 0, 2, 4],
				[30, 9, 12, 44, 20, 6, 4, 4, 3, 79, 34, 8, 0, 4, 3, 11, 0, 4, 7, 0, 616, 7, 0, 13, 0, 4, 36, 7],
				[18, 16, 19, 73, 64, 9, 26, 8, 2, 15, 203, 11, 2, 0, 3, 11, 0, 2, 3, 0, 1031, 7, 0, 13, 0, 2, 17, 6],
				[10, 3, 32, 47, 19, 4, 2, 6, 0, 13, 28, 78, 2, 0, 1, 3, 0, 3, 3, 0, 304, 4, 0, 6, 0, 0, 11, 3],
				[6, 4, 4, 16, 9, 2, 3, 2, 0, 5, 7, 7, 14, 0, 1, 2, 0, 0, 1, 0, 188, 4, 1, 4, 0, 2, 5, 4],
				[87, 9, 8, 2, 16, 1, 1, 14, 2, 3, 2, 0, 0, 58, 1, 11, 0, 44, 22, 1, 282, 10, 0, 1, 0, 0, 3, 20],
				[7, 4, 2, 12, 9, 1, 4, 2, 1, 2, 5, 11, 1, 1, 43, 1, 0, 3, 1, 2, 231, 2, 0, 8, 0, 1, 6, 3],
				[80, 12, 0, 2, 10, 8, 2, 2, 0, 1, 5, 0, 0, 1, 0, 1093, 0, 27, 6, 0, 169, 21, 0, 1, 0, 3, 5, 1],
				[1, 2, 1, 2, 0, 0, 0, 0, 0, 1, 2, 0, 0, 0, 0, 1, 0, 0, 0, 0, 44, 2, 0, 1, 0, 1, 5, 0],
				[84, 101, 2, 8, 18, 8, 1, 8, 2, 4, 4, 0, 0, 11, 0, 47, 0, 155, 46, 0, 374, 11, 0, 3, 0, 1, 4, 4],
				[91, 9, 1, 2, 16, 2, 0, 6, 0, 4, 3, 0, 0, 1, 0, 8, 0, 17, 476, 0, 343, 3, 0, 2, 0, 1, 2, 1],
				[0, 1, 1, 6, 6, 5, 1, 1, 1, 2, 2, 2, 0, 1, 1, 2, 0, 0, 0, 1, 111, 2, 0, 1, 0, 0, 3, 1],
				[382, 195, 162, 235, 390, 124, 137, 213, 27, 100, 283, 49, 9, 53, 30, 101, 1, 65, 110, 1, 7807, 132, 6, 116, 2, 7, 73, 64],
				[49, 7, 3, 10, 39, 28, 4, 5, 6, 2, 17, 2, 0, 2, 1, 21, 0, 8, 4, 0, 478, 202, 0, 1, 1, 0, 1, 3],
				[25, 2, 2, 4, 5, 2, 1, 2, 0, 4, 5, 0, 0, 0, 0, 5, 0, 5, 0, 1, 80, 3, 3, 1, 0, 0, 1, 0],
				[23, 13, 9, 25, 50, 10, 7, 7, 2, 10, 37, 3, 4, 3, 0, 10, 0, 6, 6, 0, 660, 3, 0, 59, 1, 1, 9, 12],
				[16, 2, 1, 2, 4, 7, 0, 0, 0, 2, 0, 0, 0, 0, 0, 20, 0, 5, 2, 0, 92, 5, 0, 3, 2, 0, 0, 0],
				[3, 0, 2, 6, 7, 6, 3, 0, 0, 10, 4, 1, 2, 0, 1, 18, 0, 0, 3, 0, 144, 2, 0, 3, 0, 52, 30, 1],
				[13, 7, 8, 19, 18, 5, 1, 2, 3, 27, 19, 6, 3, 0, 2, 8, 0, 6, 3, 0, 453, 4, 0, 1, 0, 16, 132, 2],
				[41, 9, 10, 14, 11, 3, 12, 28, 0, 8, 10, 1, 0, 6, 1, 8, 0, 4, 3, 0, 354, 1, 0, 8, 0, 0, 6, 123]
			Classification_Report: 
                precision    recall  f1-score   support

    admiration       0.45      0.51      0.48      2078
     amusement       0.50      0.46      0.48      1215
         anger       0.35      0.20      0.26      1066
     annoyance       0.20      0.11      0.15      1635
      approval       0.23      0.13      0.16      2307
        caring       0.26      0.16      0.20       704
     confusion       0.28      0.12      0.17      1016
     curiosity       0.34      0.18      0.24      1205
        desire       0.41      0.10      0.16       462
disappointment       0.22      0.08      0.12       965
   disapproval       0.23      0.13      0.17      1561
       disgust       0.33      0.13      0.19       582
 embarrassment       0.32      0.05      0.08       291
    excitement       0.34      0.10      0.15       598
          fear       0.43      0.12      0.19       363
     gratitude       0.71      0.75      0.73      1449
         grief       0.00      0.00      0.00        63
           joy       0.34      0.17      0.23       896
          love       0.57      0.48      0.52       988
   nervousness       0.17      0.01      0.01       151
       neutral       0.39      0.72      0.50     10874
      optimism       0.36      0.23      0.28       894
         pride       0.30      0.02      0.04       151
   realization       0.19      0.06      0.09       970
        relief       0.29      0.01      0.02       163
       remorse       0.53      0.17      0.26       298
       sadness       0.32      0.17      0.23       758
      surprise       0.37      0.19      0.25       661

      accuracy                           0.39     34364
     macro avg       0.34      0.20      0.23     34364
  weighted avg       0.36      0.39      0.34     34364

			Accuracy: 0.3893609591432895
			Macro_Average_F1: 0.22670658745281957
			Weighted_Average_F1: 0.34389130632238674

[TOP Decision Tree Classifier]
	--Sentiments--
			Parameters: {'cv': None, 'error_score': nan, 'estimator__ccp_alpha': 0.0, 'estimator__class_weight': None, 'estimator__criterion': 'gini', 'estimator__max_depth': None, 'estimator__max_features': None, 'estimator__max_leaf_nodes': None, 'estimator__min_impurity_decrease': 0.0, 'estimator__min_samples_leaf': 1, 'estimator__min_samples_split': 2, 'estimator__min_weight_fraction_leaf': 0.0, 'estimator__random_state': None, 'estimator__splitter': 'best', 'estimator': DecisionTreeClassifier(), 'n_jobs': None, 'param_grid': {'criterion': ['gini', 'entropy'], 'max_depth': [7, 13], 'min_samples_split': [2, 5, 7]}, 'pre_dispatch': '2*n_jobs', 'refit': True, 'return_train_score': False, 'scoring': None, 'verbose': 0}
			Confusion_Matrix: 
				[8, 38, 3528, 138],
				[4, 367, 7012, 333],
				[6, 62, 10431, 607],
				[11, 108, 7440, 4271]
			Classification_Report: 
              precision    recall  f1-score   support

   ambiguous       0.28      0.00      0.00      3712
    negative       0.64      0.05      0.09      7716
     neutral       0.37      0.94      0.53     11106
    positive       0.80      0.36      0.50     11830

    accuracy                           0.44     34364
   macro avg       0.52      0.34      0.28     34364
weighted avg       0.57      0.44      0.36     34364

			Accuracy: 0.43874403445466187
			Macro_Average_F1: 0.279491587297806
			Weighted_Average_F1: 0.36213458832292006
	--Emotions--
			Parameters: {'cv': None, 'error_score': nan, 'estimator__ccp_alpha': 0.0, 'estimator__class_weight': None, 'estimator__criterion': 'gini', 'estimator__max_depth': None, 'estimator__max_features': None, 'estimator__max_leaf_nodes': None, 'estimator__min_impurity_decrease': 0.0, 'estimator__min_samples_leaf': 1, 'estimator__min_samples_split': 2, 'estimator__min_weight_fraction_leaf': 0.0, 'estimator__random_state': None, 'estimator__splitter': 'best', 'estimator': DecisionTreeClassifier(), 'n_jobs': None, 'param_grid': {'criterion': ['gini', 'entropy'], 'max_depth': [7, 13], 'min_samples_split': [2, 5, 7]}, 'pre_dispatch': '2*n_jobs', 'refit': True, 'return_train_score': False, 'scoring': None, 'verbose': 0}
			Confusion_Matrix: 
				[630, 15, 0, 3, 2, 0, 1, 1, 0, 0, 0, 0, 0, 0, 0, 13, 0, 22, 83, 0, 1282, 21, 0, 1, 0, 2, 1, 1],
				[27, 499, 0, 0, 0, 0, 0, 0, 0, 1, 0, 0, 0, 0, 0, 8, 0, 7, 14, 0, 655, 1, 0, 0, 0, 3, 0, 0],
				[19, 8, 1, 0, 0, 0, 0, 0, 0, 0, 0, 0, 0, 0, 0, 1, 0, 3, 2, 0, 1021, 6, 0, 0, 0, 3, 2, 0],
				[26, 22, 0, 1, 2, 1, 0, 0, 0, 0, 0, 0, 0, 0, 0, 14, 0, 7, 9, 0, 1538, 5, 0, 0, 0, 10, 0, 0],
				[115, 26, 0, 0, 1, 0, 0, 0, 0, 0, 0, 0, 0, 0, 0, 7, 0, 10, 30, 0, 2085, 23, 0, 0, 0, 7, 3, 0],
				[26, 4, 0, 0, 2, 4, 0, 0, 0, 0, 0, 0, 0, 0, 0, 4, 0, 7, 10, 0, 600, 32, 0, 0, 0, 12, 3, 0],
				[8, 14, 0, 0, 0, 0, 0, 1, 0, 0, 1, 0, 0, 0, 0, 3, 0, 6, 7, 0, 968, 2, 0, 0, 0, 4, 2, 0],
				[18, 12, 0, 0, 0, 0, 0, 2, 0, 0, 0, 0, 0, 0, 0, 2, 0, 2, 10, 0, 1150, 3, 0, 0, 0, 5, 1, 0],
				[18, 5, 0, 0, 0, 0, 0, 0, 0, 0, 0, 0, 0, 0, 0, 4, 0, 2, 18, 0, 398, 16, 0, 0, 0, 0, 1, 0],
				[28, 10, 0, 0, 0, 1, 0, 0, 0, 0, 0, 0, 0, 0, 0, 4, 0, 5, 7, 0, 884, 5, 0, 0, 0, 12, 9, 0],
				[24, 26, 0, 0, 2, 0, 0, 0, 0, 0, 0, 0, 0, 0, 0, 6, 0, 4, 9, 0, 1467, 6, 0, 1, 0, 10, 6, 0],
				[8, 4, 0, 0, 0, 0, 0, 0, 0, 0, 0, 1, 0, 0, 0, 1, 0, 1, 2, 0, 562, 1, 0, 0, 0, 1, 1, 0],
				[6, 0, 0, 0, 0, 0, 0, 0, 0, 0, 0, 0, 0, 0, 0, 1, 0, 0, 1, 0, 276, 1, 0, 0, 0, 6, 0, 0],
				[38, 8, 0, 0, 2, 0, 0, 0, 0, 0, 0, 0, 0, 0, 0, 0, 0, 37, 19, 0, 490, 2, 0, 0, 0, 1, 1, 0],
				[6, 8, 0, 0, 0, 0, 0, 0, 0, 0, 0, 0, 0, 0, 0, 1, 0, 0, 2, 0, 340, 3, 0, 0, 0, 2, 1, 0],
				[48, 2, 0, 1, 2, 0, 0, 1, 0, 0, 0, 1, 0, 1, 0, 1054, 0, 15, 11, 0, 261, 28, 0, 0, 0, 23, 1, 0],
				[3, 0, 0, 0, 0, 0, 0, 0, 0, 0, 0, 0, 0, 0, 0, 0, 0, 0, 0, 0, 52, 2, 0, 0, 0, 5, 1, 0],
				[65, 51, 0, 0, 0, 0, 1, 1, 0, 1, 0, 0, 0, 0, 0, 7, 0, 123, 52, 0, 585, 9, 0, 0, 0, 1, 0, 0],
				[19, 4, 0, 2, 0, 1, 2, 0, 3, 0, 0, 0, 1, 0, 0, 3, 0, 7, 578, 0, 360, 3, 0, 1, 0, 2, 1, 1],
				[1, 1, 0, 0, 0, 0, 0, 0, 0, 1, 0, 0, 0, 0, 0, 2, 0, 0, 1, 0, 141, 2, 0, 0, 0, 0, 2, 0],
				[218, 139, 0, 2, 1, 3, 1, 2, 0, 0, 2, 1, 0, 0, 0, 38, 0, 47, 116, 0, 10190, 59, 0, 1, 0, 35, 19, 0],
				[41, 10, 0, 1, 1, 1, 0, 0, 0, 0, 0, 1, 0, 0, 0, 5, 0, 14, 14, 0, 586, 218, 0, 1, 0, 1, 0, 0],
				[13, 3, 0, 0, 0, 0, 1, 0, 0, 0, 0, 0, 0, 0, 0, 0, 0, 0, 0, 0, 131, 3, 0, 0, 0, 0, 0, 0],
				[21, 15, 0, 1, 0, 0, 1, 1, 0, 0, 0, 0, 0, 0, 0, 5, 0, 2, 8, 0, 898, 5, 0, 1, 0, 8, 4, 0],
				[12, 1, 0, 0, 1, 1, 0, 0, 0, 0, 0, 0, 0, 0, 0, 8, 0, 1, 1, 0, 136, 1, 0, 0, 1, 0, 0, 0],
				[4, 1, 0, 0, 0, 1, 0, 0, 0, 0, 0, 0, 0, 0, 0, 1, 0, 0, 2, 0, 129, 1, 0, 0, 0, 154, 5, 0],
				[15, 5, 0, 0, 1, 0, 0, 0, 0, 1, 1, 0, 0, 0, 0, 0, 0, 2, 5, 0, 572, 9, 0, 0, 0, 64, 83, 0],
				[23, 3, 0, 0, 0, 0, 0, 1, 0, 0, 0, 0, 0, 0, 0, 2, 0, 4, 1, 0, 624, 1, 0, 0, 0, 0, 2, 0]
			Classification_Report: 
                precision    recall  f1-score   support

    admiration       0.43      0.30      0.35      2078
     amusement       0.56      0.41      0.47      1215
         anger       1.00      0.00      0.00      1066
     annoyance       0.09      0.00      0.00      1635
      approval       0.06      0.00      0.00      2307
        caring       0.31      0.01      0.01       704
     confusion       0.00      0.00      0.00      1016
     curiosity       0.20      0.00      0.00      1205
        desire       0.00      0.00      0.00       462
disappointment       0.00      0.00      0.00       965
   disapproval       0.00      0.00      0.00      1561
       disgust       0.25      0.00      0.00       582
 embarrassment       0.00      0.00      0.00       291
    excitement       0.00      0.00      0.00       598
          fear       0.00      0.00      0.00       363
     gratitude       0.88      0.73      0.80      1449
         grief       0.00      0.00      0.00        63
           joy       0.38      0.14      0.20       896
          love       0.57      0.59      0.58       988
   nervousness       0.00      0.00      0.00       151
       neutral       0.36      0.94      0.52     10874
      optimism       0.47      0.24      0.32       894
         pride       0.00      0.00      0.00       151
   realization       0.17      0.00      0.00       970
        relief       1.00      0.01      0.01       163
       remorse       0.42      0.52      0.46       298
       sadness       0.56      0.11      0.18       758
      surprise       0.00      0.00      0.00       661

      accuracy                           0.39     34364
     macro avg       0.27      0.14      0.14     34364
  weighted avg       0.32      0.39      0.27     34364

			Accuracy: 0.3940460947503201
			Macro_Average_F1: 0.14007878125378254
			Weighted_Average_F1: 0.27495165710157543

[TOP Multi-Layered Perceptron Classifier]
	--Sentiments--
			Parameters: {'cv': None, 'error_score': nan, 'estimator__activation': 'relu', 'estimator__alpha': 0.0001, 'estimator__batch_size': 'auto', 'estimator__beta_1': 0.9, 'estimator__beta_2': 0.999, 'estimator__early_stopping': False, 'estimator__epsilon': 1e-08, 'estimator__hidden_layer_sizes': (100,), 'estimator__learning_rate': 'constant', 'estimator__learning_rate_init': 0.001, 'estimator__max_fun': 15000, 'estimator__max_iter': 1, 'estimator__momentum': 0.9, 'estimator__n_iter_no_change': 10, 'estimator__nesterovs_momentum': True, 'estimator__power_t': 0.5, 'estimator__random_state': None, 'estimator__shuffle': True, 'estimator__solver': 'adam', 'estimator__tol': 0.0001, 'estimator__validation_fraction': 0.1, 'estimator__verbose': False, 'estimator__warm_start': False, 'estimator': MLPClassifier(max_iter=1), 'n_jobs': None, 'param_grid': {'activation': ['softmax', 'tanh', 'relu', 'identity'], 'hidden_layer_sizes': [(30, 50), (10, 10, 10)], 'solver': ['adam', 'sgd']}, 'pre_dispatch': '2*n_jobs', 'refit': True, 'return_train_score': False, 'scoring': None, 'verbose': 0}
			Confusion_Matrix: 
				[802, 467, 1833, 610],
				[194, 3714, 2936, 872],
				[475, 1511, 6987, 2133],
				[241, 771, 2719, 8099]
			Classification_Report: 
              precision    recall  f1-score   support

   ambiguous       0.47      0.22      0.30      3712
    negative       0.57      0.48      0.52      7716
     neutral       0.48      0.63      0.55     11106
    positive       0.69      0.68      0.69     11830

    accuracy                           0.57     34364
   macro avg       0.55      0.50      0.51     34364
weighted avg       0.57      0.57      0.56     34364

			Accuracy: 0.5704225352112676
			Macro_Average_F1: 0.5134623251853038
			Weighted_Average_F1: 0.5629626825128384
	--Emotions--
			Parameters: {'cv': None, 'error_score': nan, 'estimator__activation': 'relu', 'estimator__alpha': 0.0001, 'estimator__batch_size': 'auto', 'estimator__beta_1': 0.9, 'estimator__beta_2': 0.999, 'estimator__early_stopping': False, 'estimator__epsilon': 1e-08, 'estimator__hidden_layer_sizes': (100,), 'estimator__learning_rate': 'constant', 'estimator__learning_rate_init': 0.001, 'estimator__max_fun': 15000, 'estimator__max_iter': 1, 'estimator__momentum': 0.9, 'estimator__n_iter_no_change': 10, 'estimator__nesterovs_momentum': True, 'estimator__power_t': 0.5, 'estimator__random_state': None, 'estimator__shuffle': True, 'estimator__solver': 'adam', 'estimator__tol': 0.0001, 'estimator__validation_fraction': 0.1, 'estimator__verbose': False, 'estimator__warm_start': False, 'estimator': MLPClassifier(max_iter=1), 'n_jobs': None, 'param_grid': {'activation': ['softmax', 'tanh', 'relu', 'identity'], 'hidden_layer_sizes': [(30, 50), (10, 10, 10)], 'solver': ['adam', 'sgd']}, 'pre_dispatch': '2*n_jobs', 'refit': True, 'return_train_score': False, 'scoring': None, 'verbose': 0}
			Confusion_Matrix: 
				[1068, 22, 7, 0, 16, 2, 0, 10, 5, 1, 3, 5, 0, 1, 0, 40, 0, 38, 102, 0, 718, 16, 0, 0, 0, 0, 2, 22],
				[39, 701, 6, 1, 4, 0, 0, 5, 1, 1, 2, 4, 0, 3, 1, 8, 0, 31, 15, 0, 369, 5, 0, 0, 0, 1, 6, 12],
				[15, 9, 301, 18, 4, 6, 1, 5, 2, 0, 6, 16, 0, 0, 0, 3, 0, 5, 2, 0, 651, 8, 0, 0, 0, 2, 8, 4],
				[20, 37, 119, 30, 14, 9, 9, 16, 3, 2, 22, 23, 1, 0, 4, 22, 0, 6, 10, 0, 1258, 6, 0, 0, 0, 8, 10, 6],
				[150, 41, 16, 2, 143, 17, 3, 11, 7, 1, 18, 9, 0, 2, 2, 15, 0, 25, 39, 0, 1757, 30, 0, 0, 0, 7, 6, 6],
				[28, 8, 6, 5, 7, 63, 1, 2, 4, 0, 1, 0, 0, 1, 3, 10, 0, 15, 14, 0, 482, 36, 0, 0, 0, 11, 6, 1],
				[7, 18, 15, 0, 8, 6, 54, 48, 1, 0, 19, 1, 0, 2, 1, 5, 0, 8, 9, 0, 799, 3, 0, 0, 0, 3, 1, 8],
				[23, 15, 9, 1, 4, 4, 11, 170, 0, 2, 2, 1, 0, 4, 2, 4, 0, 2, 10, 0, 910, 5, 0, 0, 0, 5, 2, 19],
				[14, 7, 1, 0, 5, 3, 0, 1, 92, 2, 1, 0, 0, 1, 0, 7, 0, 4, 24, 0, 275, 22, 0, 0, 0, 0, 1, 2],
				[21, 10, 16, 9, 11, 3, 1, 3, 6, 16, 10, 11, 1, 2, 2, 6, 0, 4, 11, 0, 759, 10, 0, 0, 0, 9, 40, 4],
				[21, 22, 36, 10, 29, 7, 7, 3, 2, 4, 50, 4, 1, 0, 1, 10, 0, 5, 10, 0, 1304, 7, 0, 0, 0, 8, 12, 8],
				[7, 4, 46, 9, 5, 3, 0, 3, 0, 3, 4, 85, 0, 0, 0, 2, 0, 3, 3, 0, 393, 3, 0, 0, 0, 0, 5, 4],
				[5, 3, 7, 7, 0, 1, 2, 5, 1, 5, 6, 5, 1, 0, 1, 1, 0, 0, 3, 0, 219, 4, 0, 0, 0, 6, 7, 2],
				[81, 15, 4, 0, 3, 2, 2, 15, 2, 0, 0, 0, 0, 32, 0, 10, 0, 51, 23, 0, 318, 7, 0, 0, 0, 1, 4, 28],
				[2, 9, 5, 2, 3, 1, 0, 7, 3, 1, 0, 7, 0, 0, 61, 1, 0, 1, 2, 0, 243, 5, 0, 0, 0, 2, 5, 3],
				[90, 6, 1, 0, 3, 6, 1, 0, 1, 0, 2, 0, 0, 0, 0, 1120, 0, 40, 12, 0, 125, 21, 0, 0, 0, 17, 3, 1],
				[1, 2, 0, 1, 0, 0, 0, 0, 0, 1, 0, 0, 0, 0, 0, 0, 0, 1, 1, 0, 45, 1, 0, 0, 0, 5, 5, 0],
				[80, 108, 5, 0, 3, 5, 2, 4, 4, 0, 0, 1, 0, 3, 0, 18, 0, 245, 64, 0, 338, 9, 0, 0, 0, 1, 0, 6],
				[45, 9, 2, 0, 1, 0, 0, 2, 0, 1, 1, 0, 0, 0, 0, 4, 0, 9, 654, 0, 253, 3, 0, 0, 0, 2, 2, 0],
				[2, 1, 5, 1, 2, 5, 0, 3, 1, 1, 0, 1, 0, 0, 2, 2, 0, 0, 2, 0, 114, 2, 0, 0, 0, 0, 6, 1],
				[261, 216, 136, 35, 100, 64, 27, 122, 35, 11, 49, 22, 1, 9, 19, 59, 0, 85, 137, 0, 9264, 82, 0, 0, 0, 29, 59, 52],
				[42, 11, 6, 0, 16, 17, 0, 4, 19, 0, 3, 0, 1, 2, 1, 14, 0, 13, 11, 0, 482, 246, 0, 0, 0, 1, 3, 2],
				[28, 2, 2, 0, 1, 1, 0, 1, 0, 0, 0, 0, 0, 0, 0, 1, 0, 12, 0, 0, 97, 3, 0, 0, 0, 0, 2, 1],
				[18, 19, 6, 1, 15, 4, 2, 1, 2, 1, 8, 1, 0, 1, 1, 6, 0, 6, 12, 0, 821, 6, 0, 0, 0, 5, 13, 21],
				[14, 1, 0, 0, 1, 11, 0, 0, 1, 0, 2, 0, 0, 0, 0, 12, 0, 11, 3, 0, 100, 3, 0, 0, 0, 0, 4, 0],
				[4, 1, 2, 2, 3, 0, 0, 1, 0, 1, 0, 1, 0, 0, 1, 4, 0, 0, 3, 0, 107, 2, 0, 0, 0, 136, 29, 1],
				[13, 12, 7, 2, 8, 2, 0, 1, 6, 5, 5, 8, 0, 0, 5, 2, 0, 4, 6, 0, 451, 10, 0, 0, 0, 56, 154, 1],
				[33, 7, 24, 1, 5, 0, 1, 27, 0, 2, 2, 1, 0, 2, 1, 4, 0, 5, 2, 0, 383, 1, 0, 0, 0, 0, 3, 157]
			Classification_Report: 
                precision    recall  f1-score   support

    admiration       0.50      0.51      0.51      2078
     amusement       0.53      0.58      0.55      1215
         anger       0.38      0.28      0.32      1066
     annoyance       0.22      0.02      0.03      1635
      approval       0.35      0.06      0.11      2307
        caring       0.26      0.09      0.13       704
     confusion       0.44      0.05      0.09      1016
     curiosity       0.36      0.14      0.20      1205
        desire       0.46      0.20      0.28       462
disappointment       0.26      0.02      0.03       965
   disapproval       0.23      0.03      0.06      1561
       disgust       0.41      0.15      0.22       582
 embarrassment       0.17      0.00      0.01       291
    excitement       0.49      0.05      0.10       598
          fear       0.56      0.17      0.26       363
     gratitude       0.81      0.77      0.79      1449
         grief       0.00      0.00      0.00        63
           joy       0.39      0.27      0.32       896
          love       0.55      0.66      0.60       988
   nervousness       0.00      0.00      0.00       151
       neutral       0.40      0.85      0.55     10874
      optimism       0.44      0.28      0.34       894
         pride       0.00      0.00      0.00       151
   realization       0.00      0.00      0.00       970
        relief       0.00      0.00      0.00       163
       remorse       0.43      0.46      0.44       298
       sadness       0.39      0.20      0.27       758
      surprise       0.42      0.24      0.30       661

      accuracy                           0.43     34364
     macro avg       0.34      0.22      0.23     34364
  weighted avg       0.39      0.43      0.35     34364

			Accuracy: 0.43193458270282853
			Macro_Average_F1: 0.23257774298098818
			Weighted_Average_F1: 0.3532116137617399

[BASE Multi-Layered Perceptron Classifier (EMBEDDINGS)]
	--Sentiments--
			Parameters: {'activation': 'relu', 'alpha': 0.0001, 'batch_size': 'auto', 'beta_1': 0.9, 'beta_2': 0.999, 'early_stopping': False, 'epsilon': 1e-08, 'hidden_layer_sizes': (100,), 'learning_rate': 'constant', 'learning_rate_init': 0.001, 'max_fun': 15000, 'max_iter': 1, 'momentum': 0.9, 'n_iter_no_change': 10, 'nesterovs_momentum': True, 'power_t': 0.5, 'random_state': None, 'shuffle': True, 'solver': 'adam', 'tol': 0.0001, 'validation_fraction': 0.1, 'verbose': False, 'warm_start': False}
			Confusion_Matrix: 
				[176, 617, 2091, 952],
				[48, 3576, 2698, 1400],
				[150, 1914, 6121, 2878],
				[40, 1047, 2676, 7980]
			Classification_Report: 
              precision    recall  f1-score   support

   ambiguous       0.43      0.05      0.08      3836
    negative       0.50      0.46      0.48      7722
     neutral       0.45      0.55      0.50     11063
    positive       0.60      0.68      0.64     11743

    accuracy                           0.52     34364
   macro avg       0.49      0.44      0.42     34364
weighted avg       0.51      0.52      0.50     34364

			Accuracy: 0.5195262483994878
			Macro_Average_F1: 0.42496334799479857
			Weighted_Average_F1: 0.495738994879319
	--Emotions--
			Parameters: {'activation': 'relu', 'alpha': 0.0001, 'batch_size': 'auto', 'beta_1': 0.9, 'beta_2': 0.999, 'early_stopping': False, 'epsilon': 1e-08, 'hidden_layer_sizes': (100,), 'learning_rate': 'constant', 'learning_rate_init': 0.001, 'max_fun': 15000, 'max_iter': 1, 'momentum': 0.9, 'n_iter_no_change': 10, 'nesterovs_momentum': True, 'power_t': 0.5, 'random_state': None, 'shuffle': True, 'solver': 'adam', 'tol': 0.0001, 'validation_fraction': 0.1, 'verbose': False, 'warm_start': False}
			Confusion_Matrix: 
				[721, 15, 4, 1, 1, 0, 0, 0, 0, 0, 1, 1, 0, 0, 0, 62, 0, 5, 63, 0, 1239, 2, 0, 0, 0, 0, 0, 1],
				[43, 231, 4, 0, 0, 0, 0, 0, 0, 0, 1, 0, 0, 0, 0, 12, 0, 3, 7, 0, 945, 0, 0, 0, 0, 0, 3, 0],
				[3, 7, 89, 3, 0, 0, 1, 1, 0, 0, 5, 4, 0, 0, 0, 5, 0, 1, 15, 0, 940, 1, 0, 0, 0, 0, 5, 0],
				[5, 20, 23, 7, 0, 0, 0, 0, 0, 0, 3, 6, 0, 0, 0, 7, 0, 0, 7, 0, 1550, 2, 0, 0, 0, 0, 10, 2],
				[101, 15, 2, 3, 11, 1, 0, 2, 0, 0, 6, 0, 0, 0, 0, 30, 0, 1, 30, 0, 2034, 3, 0, 0, 0, 1, 7, 0],
				[17, 0, 1, 0, 1, 5, 0, 0, 0, 0, 3, 0, 0, 0, 0, 27, 0, 2, 9, 0, 619, 2, 0, 0, 0, 0, 8, 0],
				[5, 2, 1, 0, 0, 1, 4, 8, 0, 0, 3, 0, 0, 0, 0, 4, 0, 0, 3, 0, 972, 0, 0, 0, 0, 1, 0, 0],
				[15, 8, 5, 1, 0, 1, 3, 4, 0, 0, 0, 0, 0, 0, 0, 5, 0, 0, 2, 0, 1119, 1, 0, 0, 0, 0, 3, 0],
				[12, 0, 1, 0, 0, 0, 0, 0, 4, 0, 0, 0, 0, 0, 0, 9, 0, 1, 18, 0, 393, 3, 0, 0, 0, 0, 3, 0],
				[9, 3, 9, 1, 0, 0, 0, 0, 0, 0, 1, 1, 0, 0, 0, 2, 0, 1, 4, 0, 890, 2, 0, 0, 0, 0, 22, 0],
				[18, 9, 5, 2, 0, 0, 0, 0, 0, 0, 24, 3, 0, 0, 0, 5, 0, 0, 9, 0, 1386, 0, 0, 0, 0, 1, 7, 0],
				[3, 10, 19, 4, 0, 0, 0, 0, 0, 0, 1, 22, 0, 0, 0, 2, 0, 0, 3, 0, 490, 0, 0, 0, 0, 1, 6, 0],
				[4, 4, 0, 0, 0, 0, 0, 0, 0, 0, 1, 1, 0, 0, 0, 0, 0, 0, 2, 0, 264, 0, 0, 0, 0, 0, 4, 0],
				[56, 6, 3, 0, 0, 0, 0, 0, 0, 0, 0, 1, 0, 1, 0, 12, 0, 22, 15, 0, 434, 1, 0, 0, 0, 0, 1, 0],
				[4, 3, 3, 0, 0, 0, 0, 0, 0, 0, 0, 9, 0, 0, 6, 0, 0, 0, 0, 0, 319, 0, 0, 0, 0, 0, 12, 1],
				[55, 0, 0, 0, 0, 2, 0, 0, 0, 0, 0, 0, 0, 0, 0, 922, 0, 13, 7, 0, 389, 3, 0, 0, 0, 3, 2, 0],
				[2, 0, 1, 0, 0, 0, 0, 0, 0, 0, 0, 0, 0, 0, 0, 2, 0, 0, 0, 0, 52, 0, 0, 0, 0, 1, 6, 0],
				[78, 47, 0, 0, 0, 0, 0, 0, 0, 0, 0, 1, 0, 0, 0, 40, 0, 55, 40, 0, 616, 0, 0, 0, 0, 1, 2, 0],
				[55, 5, 0, 0, 0, 0, 0, 0, 0, 0, 0, 0, 0, 0, 0, 3, 0, 3, 451, 0, 492, 0, 0, 0, 0, 0, 1, 0],
				[0, 0, 0, 0, 0, 1, 1, 0, 0, 0, 1, 3, 0, 0, 0, 0, 0, 0, 0, 0, 147, 0, 0, 0, 0, 0, 4, 0],
				[238, 93, 63, 7, 4, 0, 1, 18, 0, 0, 27, 11, 0, 1, 0, 80, 0, 20, 80, 0, 10486, 7, 0, 0, 0, 10, 32, 0],
				[40, 2, 0, 0, 0, 1, 0, 0, 0, 0, 0, 0, 0, 0, 0, 40, 0, 6, 9, 0, 817, 29, 0, 0, 0, 0, 2, 0],
				[20, 0, 2, 0, 0, 0, 0, 0, 0, 0, 0, 0, 0, 0, 0, 12, 0, 0, 4, 0, 104, 0, 0, 0, 0, 0, 0, 0],
				[10, 6, 0, 0, 0, 0, 0, 0, 0, 0, 2, 1, 0, 0, 0, 5, 0, 1, 1, 0, 875, 0, 0, 0, 0, 0, 1, 0],
				[3, 1, 1, 0, 0, 0, 0, 0, 0, 0, 0, 0, 0, 0, 0, 7, 0, 2, 2, 0, 144, 1, 0, 0, 0, 0, 1, 0],
				[0, 3, 1, 0, 0, 0, 0, 0, 0, 0, 0, 0, 0, 0, 0, 5, 0, 0, 3, 0, 231, 0, 0, 0, 0, 19, 33, 0],
				[4, 2, 3, 0, 0, 0, 0, 0, 0, 0, 2, 2, 0, 0, 0, 4, 0, 0, 4, 0, 615, 0, 0, 0, 0, 8, 80, 0],
				[35, 4, 4, 0, 0, 0, 2, 0, 0, 0, 0, 3, 0, 1, 0, 2, 0, 4, 1, 0, 641, 0, 0, 0, 0, 0, 3, 1]
			Classification_Report: 
                precision    recall  f1-score   support

    admiration       0.46      0.34      0.39      2116
     amusement       0.47      0.18      0.26      1249
         anger       0.36      0.08      0.13      1080
     annoyance       0.24      0.00      0.01      1642
      approval       0.65      0.00      0.01      2247
        caring       0.42      0.01      0.01       694
     confusion       0.33      0.00      0.01      1004
     curiosity       0.12      0.00      0.01      1167
        desire       1.00      0.01      0.02       444
disappointment       0.00      0.00      0.00       945
   disapproval       0.30      0.02      0.03      1469
       disgust       0.32      0.04      0.07       561
 embarrassment       0.00      0.00      0.00       280
    excitement       0.33      0.00      0.00       552
          fear       1.00      0.02      0.03       357
     gratitude       0.71      0.66      0.68      1396
         grief       0.00      0.00      0.00        64
           joy       0.39      0.06      0.11       880
          love       0.57      0.45      0.50      1010
   nervousness       0.00      0.00      0.00       157
       neutral       0.36      0.94      0.52     11178
      optimism       0.51      0.03      0.06       946
         pride       0.00      0.00      0.00       142
   realization       0.00      0.00      0.00       902
        relief       0.00      0.00      0.00       162
       remorse       0.41      0.06      0.11       295
       sadness       0.31      0.11      0.16       724
      surprise       0.20      0.00      0.00       701

      accuracy                           0.38     34364
     macro avg       0.34      0.11      0.11     34364
  weighted avg       0.38      0.38      0.26     34364

			Accuracy: 0.38330811314165986
			Macro_Average_F1: 0.11216447260372508
			Weighted_Average_F1: 0.26312162072275674

[TOP Multi-Layered Perceptron Classifier (EMBEDDINGS)]
	--Sentiments--
			Parameters: {'cv': None, 'error_score': nan, 'estimator__activation': 'relu', 'estimator__alpha': 0.0001, 'estimator__batch_size': 'auto', 'estimator__beta_1': 0.9, 'estimator__beta_2': 0.999, 'estimator__early_stopping': False, 'estimator__epsilon': 1e-08, 'estimator__hidden_layer_sizes': (100,), 'estimator__learning_rate': 'constant', 'estimator__learning_rate_init': 0.001, 'estimator__max_fun': 15000, 'estimator__max_iter': 1, 'estimator__momentum': 0.9, 'estimator__n_iter_no_change': 10, 'estimator__nesterovs_momentum': True, 'estimator__power_t': 0.5, 'estimator__random_state': None, 'estimator__shuffle': True, 'estimator__solver': 'adam', 'estimator__tol': 0.0001, 'estimator__validation_fraction': 0.1, 'estimator__verbose': False, 'estimator__warm_start': False, 'estimator': MLPClassifier(max_iter=1), 'n_jobs': None, 'param_grid': {'activation': ['softmax', 'tanh', 'relu', 'identity'], 'hidden_layer_sizes': [(30, 50), (10, 10, 10)], 'solver': ['adam', 'sgd']}, 'pre_dispatch': '2*n_jobs', 'refit': True, 'return_train_score': False, 'scoring': None, 'verbose': 0}
			Confusion_Matrix: 
				[149, 796, 2122, 769],
				[36, 3980, 2606, 1100],
				[119, 2238, 6309, 2397],
				[37, 1401, 2858, 7447]
			Classification_Report: 
              precision    recall  f1-score   support

   ambiguous       0.44      0.04      0.07      3836
    negative       0.47      0.52      0.49      7722
     neutral       0.45      0.57      0.51     11063
    positive       0.64      0.63      0.63     11743

    accuracy                           0.52     34364
   macro avg       0.50      0.44      0.43     34364
weighted avg       0.52      0.52      0.50     34364

			Accuracy: 0.5204574554766617
			Macro_Average_F1: 0.42629121817903526
			Weighted_Average_F1: 0.49855634387905406
	--Emotions--
			Parameters: {'cv': None, 'error_score': nan, 'estimator__activation': 'relu', 'estimator__alpha': 0.0001, 'estimator__batch_size': 'auto', 'estimator__beta_1': 0.9, 'estimator__beta_2': 0.999, 'estimator__early_stopping': False, 'estimator__epsilon': 1e-08, 'estimator__hidden_layer_sizes': (100,), 'estimator__learning_rate': 'constant', 'estimator__learning_rate_init': 0.001, 'estimator__max_fun': 15000, 'estimator__max_iter': 1, 'estimator__momentum': 0.9, 'estimator__n_iter_no_change': 10, 'estimator__nesterovs_momentum': True, 'estimator__power_t': 0.5, 'estimator__random_state': None, 'estimator__shuffle': True, 'estimator__solver': 'adam', 'estimator__tol': 0.0001, 'estimator__validation_fraction': 0.1, 'estimator__verbose': False, 'estimator__warm_start': False, 'estimator': MLPClassifier(max_iter=1), 'n_jobs': None, 'param_grid': {'activation': ['softmax', 'tanh', 'relu', 'identity'], 'hidden_layer_sizes': [(30, 50), (10, 10, 10)], 'solver': ['adam', 'sgd']}, 'pre_dispatch': '2*n_jobs', 'refit': True, 'return_train_score': False, 'scoring': None, 'verbose': 0}
			Confusion_Matrix: 
				[773, 21, 8, 0, 0, 0, 0, 1, 0, 0, 2, 1, 0, 0, 0, 85, 0, 7, 84, 0, 1134, 0, 0, 0, 0, 0, 0, 0],
				[56, 254, 4, 0, 0, 0, 0, 0, 0, 0, 2, 0, 0, 0, 0, 16, 0, 7, 7, 0, 901, 0, 0, 0, 0, 0, 2, 0],
				[5, 14, 100, 16, 0, 0, 0, 1, 0, 1, 6, 4, 0, 0, 0, 10, 0, 1, 21, 0, 894, 0, 0, 0, 0, 0, 7, 0],
				[11, 33, 44, 17, 0, 0, 0, 0, 0, 0, 6, 3, 0, 0, 2, 12, 0, 0, 8, 0, 1494, 0, 0, 0, 0, 2, 10, 0],
				[130, 21, 6, 5, 3, 1, 0, 2, 0, 1, 7, 0, 0, 0, 0, 61, 0, 3, 47, 0, 1952, 2, 0, 0, 0, 0, 6, 0],
				[22, 0, 1, 1, 1, 2, 0, 0, 0, 0, 3, 0, 0, 0, 0, 59, 0, 0, 12, 0, 585, 0, 0, 0, 0, 2, 6, 0],
				[7, 4, 3, 0, 1, 1, 1, 9, 0, 0, 6, 1, 0, 0, 0, 8, 0, 0, 5, 0, 951, 0, 0, 0, 0, 1, 6, 0],
				[27, 14, 6, 1, 0, 2, 2, 7, 0, 0, 0, 1, 0, 0, 0, 9, 0, 1, 3, 0, 1087, 2, 0, 0, 0, 0, 5, 0],
				[12, 3, 0, 1, 0, 0, 0, 1, 0, 0, 0, 0, 0, 0, 0, 41, 0, 6, 19, 0, 354, 3, 0, 0, 0, 0, 4, 0],
				[8, 12, 13, 3, 0, 0, 0, 0, 0, 2, 6, 0, 0, 0, 0, 8, 0, 1, 9, 0, 850, 0, 0, 0, 0, 3, 30, 0],
				[22, 9, 8, 7, 0, 0, 0, 0, 0, 1, 29, 3, 0, 0, 0, 9, 0, 0, 11, 0, 1355, 0, 0, 0, 0, 3, 12, 0],
				[7, 13, 39, 12, 0, 0, 0, 0, 0, 2, 1, 17, 0, 0, 1, 2, 0, 0, 3, 0, 457, 0, 0, 0, 0, 1, 6, 0],
				[3, 7, 1, 0, 0, 0, 0, 0, 0, 0, 2, 2, 0, 0, 0, 1, 0, 0, 2, 0, 255, 0, 0, 0, 0, 2, 5, 0],
				[82, 12, 5, 0, 0, 0, 0, 0, 0, 0, 1, 1, 0, 0, 0, 17, 0, 27, 22, 0, 384, 1, 0, 0, 0, 0, 0, 0],
				[4, 6, 5, 2, 0, 0, 0, 0, 0, 0, 0, 9, 0, 0, 9, 2, 0, 0, 1, 0, 298, 0, 0, 0, 0, 0, 21, 0],
				[60, 2, 0, 0, 0, 0, 0, 0, 0, 0, 0, 0, 0, 0, 0, 1022, 0, 12, 8, 0, 285, 1, 0, 0, 0, 4, 2, 0],
				[3, 0, 1, 0, 0, 0, 0, 1, 0, 0, 0, 0, 0, 0, 0, 5, 0, 0, 0, 0, 45, 0, 0, 0, 0, 2, 7, 0],
				[99, 56, 1, 1, 0, 0, 0, 0, 0, 0, 0, 0, 0, 0, 0, 76, 0, 48, 43, 0, 553, 0, 0, 0, 0, 1, 2, 0],
				[57, 9, 0, 0, 0, 0, 0, 0, 0, 0, 0, 0, 0, 0, 0, 9, 0, 4, 511, 0, 419, 0, 0, 0, 0, 0, 1, 0],
				[0, 3, 1, 0, 0, 1, 0, 0, 0, 0, 2, 1, 0, 0, 0, 0, 0, 0, 1, 0, 138, 0, 0, 0, 0, 0, 10, 0],
				[280, 140, 88, 18, 2, 4, 0, 27, 0, 2, 48, 10, 0, 0, 2, 170, 0, 36, 132, 0, 10147, 11, 0, 0, 0, 9, 52, 0],
				[54, 1, 0, 0, 0, 0, 0, 0, 0, 1, 0, 0, 0, 0, 0, 101, 0, 6, 11, 0, 765, 5, 0, 0, 0, 0, 2, 0],
				[20, 2, 0, 1, 0, 0, 0, 0, 0, 0, 0, 0, 0, 0, 0, 14, 0, 1, 5, 0, 99, 0, 0, 0, 0, 0, 0, 0],
				[9, 14, 0, 1, 2, 0, 0, 0, 0, 0, 3, 0, 0, 0, 0, 8, 0, 5, 4, 0, 852, 1, 0, 0, 0, 0, 3, 0],
				[5, 0, 2, 0, 0, 0, 0, 0, 0, 0, 1, 0, 0, 0, 0, 11, 0, 1, 2, 0, 138, 1, 0, 0, 0, 0, 1, 0],
				[1, 5, 1, 1, 0, 0, 0, 0, 0, 0, 1, 0, 0, 0, 0, 12, 0, 0, 3, 0, 209, 3, 0, 0, 0, 41, 18, 0],
				[5, 10, 5, 5, 0, 0, 0, 2, 0, 0, 5, 3, 0, 0, 0, 9, 0, 0, 7, 0, 569, 0, 0, 0, 0, 16, 88, 0],
				[47, 17, 4, 1, 0, 0, 1, 1, 0, 1, 2, 2, 0, 0, 2, 6, 0, 5, 2, 0, 602, 0, 0, 0, 0, 0, 6, 2]
			Classification_Report: 
                precision    recall  f1-score   support

    admiration       0.43      0.37      0.39      2116
     amusement       0.37      0.20      0.26      1249
         anger       0.29      0.09      0.14      1080
     annoyance       0.18      0.01      0.02      1642
      approval       0.33      0.00      0.00      2247
        caring       0.18      0.00      0.01       694
     confusion       0.25      0.00      0.00      1004
     curiosity       0.13      0.01      0.01      1167
        desire       0.00      0.00      0.00       444
disappointment       0.18      0.00      0.00       945
   disapproval       0.22      0.02      0.04      1469
       disgust       0.29      0.03      0.05       561
 embarrassment       0.00      0.00      0.00       280
    excitement       0.00      0.00      0.00       552
          fear       0.56      0.03      0.05       357
     gratitude       0.57      0.73      0.64      1396
         grief       0.00      0.00      0.00        64
           joy       0.28      0.05      0.09       880
          love       0.52      0.51      0.51      1010
   nervousness       0.00      0.00      0.00       157
       neutral       0.37      0.91      0.52     11178
      optimism       0.17      0.01      0.01       946
         pride       0.00      0.00      0.00       142
   realization       0.00      0.00      0.00       902
        relief       0.00      0.00      0.00       162
       remorse       0.47      0.14      0.21       295
       sadness       0.28      0.12      0.17       724
      surprise       1.00      0.00      0.01       701

      accuracy                           0.38     34364
     macro avg       0.25      0.12      0.11     34364
  weighted avg       0.32      0.38      0.26     34364

			Accuracy: 0.3805726923524619
			Macro_Average_F1: 0.11252852642732439
			Weighted_Average_F1: 0.2617888793130618

